par[0] = -0.157357;
par[1] = 0.000729632;
par[2] = -7.33205e-06;
par[3] = 0.732869;
par[4] = -0.00285241;
par[5] = 3.73206e-05;
par[6] = -1.34283;
par[7] = 0.00437786;
par[8] = -7.59565e-05;
par[9] = 1.17711;
par[10] = -0.0030884;
par[11] = 7.40468e-05;
par[12] = -0.494717;
par[13] = 0.000975789;
par[14] = -3.46438e-05;
par[15] = 0.0800144;
par[16] = -0.000104567;
par[17] = 6.23256e-06;
